# id	file_path	transparent_color_r	g	b
[TEXTURES]
500	map\map1a_bank.png	255	255	255
0	textures\gimmick.png	0	0	255
10	textures\gimmick2.png	0	0	255
20	textures\enemy.png	57	189	255
30	textures\enemy2.png	57	189	255
40	textures\item.png	215	121	214
50	textures\enemy4.png	203	102	185
60	textures\HUB.png	0	0	255
70	textures\enemy3.png	0	0	255
80	textures\Cai-Long.png	203	102	185
90	textures\Window.png	215	121	214
100	textures\treasures.png	60	188	252
120	textures\item2.png	60	188	252
14	textures\1a.png	60	188	252
130	textures\enemy5.png	57	189	255
110	textures\HUD2.png	255	13	17

#ID	TRTileSet	TCTileSet	TRMap	TCMap	TotalTiles	Matrix_Path
[MAP]
500	7	11	24	64	69	map\map1a_map.txt

# id	left	top	right	bottom	texture_id
[SPRITES]
#==== gimmick=====
# idle right
10000	2	2	18	21	0
10001	22	2	38	21	0

#walk right
10002	2	24	18	43	0
10003	21	24	37	43	0
10004	39	24	55	43	0
10005	58	24	74	43	0
10006	79	24	95	43	0
10007	99	24	115	43	0

# =============== Moving brick ===============
40011	193	120	225	136	14

#Jump right
10008	2	46	18	70	0
10009	22	50	36	66	0

#colision right
10010	2	72	18	97	0
10011	21	72	43	97	0
10012	42	72	64	97	0
10013	65	72	87	97	0
10014	94	72	116	97	0
10015	120	72	142	97	0
10016	170	72	192	97	0

#idle left
10017	399	2	415	21	10
10018	379	2	395	21	10

#walk left
10019	399	24	415	43	10
10020	380	24	396	43	10
10021	362	24	378	43	10
10022	322	24	338	43	10
10023	302	24	318	43	10

#Jump left
10024	399	46	415	70	10
10025	381	50	395	66	10

#colision left
10026	399	72	415	97	10
10027	377	72	393	97	10
10028	356	72	372	97	10
10029	330	72	352	97	10
10030	277	72	294	97	10
10031	250	72	268	97	10
10032	201	72	217	97	10
#die
10101	8	243	24	259	0
10102	25	243	41	259	0
10103	44	243	60	259	0

#=====star====
#small star
20000	8	141	16	149	0
20001	20	141	28	149	0

#big star
20002	33	138	53	159	0
20003	55	138	75	159	0
20004	124	137	144	159	0
20005	148	137	168	159	0

#=======black eneny
#==normal
#walk right
30000	2	1	18	17	20
30001	20	2	36	17	20
30002	38	1	54	17	20
#walk left
30003	678	1	694	17	30
30004	660	2	676	17	30
30005	642	1	658	17	30

#fly right
30006	2	19	18	36	20
30007	20	19	36	36	20
30008	38	19	54	36	20
30009	56	19	72	36	20
30010	74	19	90	36	20

#fly left
30011	678	19	694	36	30
30012	660	19	676	36	30
30013	642	19	658	36	30
30014	624	19	640	36	30
30015	606	19	622	36	30

#jump right
30020	 38	1	54	17	20

#jump left
30021	642	1	658	17	30

#die
30022	642	863	658	879	130

#brick
40000	120	52	136	68	40
40001	137	1	153	17	40
40002	35	86	51	102	40
40003	154	18	170	34	40
40004	120	1	136	17	40
40005	154	1	170	17	40
40006	154	52	170	68	40
40007	120	18	136	34	40
40008	137	18	153	34	40

#====black electric enemy
#walk right
50000	2	39	18	61	20
50001	20	40	36	61	20
50002	38	39	54	61	20

#sit right
50003	56	46	72	61	20

#walk left
50004	678	39	694	61	30
50005	660	40	676	61	30
50006	642	39	658	61	30

#sit lelt
50007	624	46	640	61	30

#===MEDICINE===
#Pink-medicine
60000	1	2	15	16	60
#Orange-medicine
60001	17	0	31	16	60
#Boom-pink-medicine
60002	33	1	47	16	60
#Boom-black-medicine
60003	49	1	63	16	60

#====Slide====
#Slide right
60100	1	171	17	187	40
60101	18	171	34	187	40
60102	35	171	51	187	40
60103	52	171	68	187	40

#Slide left
60104	52	188	68	204	40
60105	35	188	51	204	40
60106	18	188	34	204	40
60107	1	188	17	204	40

#====moving-brick====
#40010	137	103	153	119	40
#40011	154	103	170	119	40

#flower
70000	1	1	23	44	100

#bomb
#lăn
70100	85	22	101	38	50
70101	102	22	118	38	50

#cá đỏ
#walk left
70200	45	7	60	18	120
70201	24	7	40	18	120
70202	4	7	19	18	120

#walk right
70203	77	6	88	18	120
70204	92	7	106	18	120
70205	110	7	126	18	120

#cá đen
#walk left
70300	44	25	59	40	120
70301	23	25	39	40	120
70302	4	25	19	40	120
#walk right
70303	78	25	90	40	120
70304	95	25	107	40	120
70305	111	25	126	40	120

#cá vàng
#walk left
70400	42	49	58	62	120
70401	23	49	38	62	120
70402	4	49	19	62	120
#walk right
70403	78	48	90	62	120
70404	95	48	106	62	120
70405	110	49	126	62	120

#======Banh-xe-lon
#banh-xe-quay-1
80000	1	205	17	221	40
80001	18	205	34	221	40
80002	1	222	17	238	40
80003	18	222	34	238	40
#banh-xe-quay-2
80004	35	205	51	221	40
80005	52	205	68	221	40
80006	35	222	51	238	40
80007	52	222	68	238	40
#banh-xe-quay-3
80008	1	239	17	255	40
80009	18	239	34	255	40
80010	1	256	17	272	40
80011	18	256	34	272	40
#banh-xe-quay-4
80012	35	239	51	255	40
80013	52	239	68	255	40
80014	35	256	51	272	40
80015	52	256	68	272	40

#Banh-xe-nho
80016	69	205	85	221	40
80017	69	222	85	238	40
80018	69	239	85	255	40
80019	69	256	68	272	40

#Tia-set
80100	103	154	119	170	40
80101	120	154	136	170	40
80102	137	154	153	170	40
80103	154	154	170	170	40

80104	103	171	119	187	40

#=====Thac do
#Thac do 1
80200	222	137	238	153	40
80201	188	103	204	119	40
80202	222	103	238	119	40
80203	188	137	204	153	40
#Thac-do-2
80204	205	137	221	153	40
80205	171	103	187	119	40
80206	205	103	221	119	40
80207	171	137	187	153	40
#Thac-do-3
80208	222	154	238	170	40
80209	188	120	204	136	40
80210	222	120	238	136	40
80211	188	154	204	170	40
#Thac-do-4
80212	205	154	221	170	40
80213	171	120	187	136	40
80214	205	120	221	136	40
80215	171	154	187	170	40

#====Cua-mo
#dong
80300	71	35	119	66	90
#mo
80310	71	80	119	112	90


#====Chan-thac
#chan-thac-1
80400	205	273	221	289	40
80401	171	239	187	255	40
80402	205	239	221	255	40
80403	171	273	187	289	40
#chan-thac-2
80404	188	273	204	289	40
80405	154	239	170	255	40
80406	188	239	204	255	40
80407	154	273	170	289	40
#chan-thac-3
80408	205	290	221	306	40
80409	171	256	187	272	40
80410	205	256	221	272	40
80411	171	290	187	306	40
#chan-thac-4
80412	188	290	204	306	40
80413	154	256	170	272	40
80414	188	256	204	272	40
80415	154	290	170	306	40

#====pink Worm
#walk right
80500	2	314	25	328	20
80501	27	314	49	328	20

#walk left
80502	671	314	694	328	30
80503	647	314	669	328	30

#====more-enemy
#green bomb
80600	2	1	16	19	50
80601	19	1	33	19	50
80602	36	1	50	19	50
80603	53	1	67	19	50

#red bomb
80604	69	1	83	19	50

#green gun
80610	85	2	101	18	50

#red gun
80611	102	2	118	18	50

#====cai long
#slide-right
80700	11	159	47	222	80
80701	10	73	46	136	80
80702	52	73	88	136	80
80703	94	73	130	136	80
#open
80704	53	159	89	230	80
80705	94	159	132	232	80

#====HUB
80710	0	32	256	64	60

#bomb-no
80605	323	142	339	158	0
80606	340	142	356	158	0
80607	359	142	375	158	0
80608	378	142	394	158	0
80609	393	142	409	158	0

#====BOSS
#BOSS-attack
80800	5	102	37	146	70
80801	41	101	73	146	70
80802	77	99	111	146	70
#B0SS-walk-right
80810	5	65	37	97	70
80811	42	66	74	97	70
80812	78	65	110	97	70
80813	114	66	146	97	70
#BOSS-Be-Attacked
80820	78	23	110	62	70
80821	41	31	73	62	70
80822	5	31	37	62	70
#BOSS-râu
80830	3	3	27	16	70
80831	30	3	54	16	70
80832	57	3	81	16	70
80833	84	3	108	16	70

#Thanh-hub
80720	0	95	254	127	110
# 0hp
80721	9	15	59	31	110
#1hp
80722	9	34	59	50	110
#2hp
80723	9	55	59	71	110
#3HP
80724	9	76	59	92	110
#4hp
80725	73	15	123	31	110

#pink-medical
80730	79	52	101	74	110
#boom
80731	111	52	133	74	110
#pink
80732	142	52	164	74	110

#==Number
#0
80740	32	135	41	143	110
#1
80741	44	135	52	143	110
#2
80742	55	135	63	143	110
#3
80743	67	135	75	143	110
#4
80744	79	135	87	143	110
#5
80745	90	135	98	143	110
#6
80746	101	135	109	143	110
#7
80747	112	135	120	143	110
#8
80748	123	135	131	143	110
#9
80749	135	135	143	143	110
# 0hp
80721	9	15	59	31	110
#1hp
80722	9	34	59	50	110
#2hp
80723	9	55	59	71	110
#3HP
80724	9	76	59	92	110
#4hp
80725	73	15	123	31	110


# ani_id	sprite1_id	time1	sprite2_id	time2	...
[ANIMATIONS]
#Gimmick
#idle right
100	10000	2500	10001	200	10000	200	10001	200
#idle left
101	10017	2500	10018	200	10017	200	10018	200
#walk right
102	10002	100	10003	100	10004	100	10005	100	10006	100	10007	100
#walk left
103	10019	100	10020	100	10021	100	10022	100	10023	100
#jump right
104	10008	500
#Jump left
105	10024	100
#colision right
106	10010	100	10011	100	10012	100	10013	100	10014	100	10015	100	10016	100
#colision left
107	10026	100	10027	100	10028	100	10029	100	10030	100	10031	100	10032	100
#die
108	10101	100	10102	100	10103	100

#star
#small-star
200	20000	100	20001	100
#big-star
201	20002	100	20003	100	20004	100	20005	100

#======back-enemy
#walk right
300	30000	100	30001	100	30002	100
#walk left
301	30003	100	30004	100	30005	100
#jump right
302	30020	100
#jump left
303	30021	100
#fly 	right
304	30006	100	30007	100	30008	100	30009	100	30010	100
#fly left
305	30011	100	30012	100	30013	100	30014	100	30015	100
#die
306	30022	100
#====black-eneny-electric

#brick
400	40000	100
401	40001	100
402	40002	100
403	40003	100
404	40004	100
405	40005	100
406	40006	100
407	40007	100
408	40008	100

#moving-brick
#410	40010	100
411	40011	100

#====black-eneny-electric
#walk left
500	50004	100	50005	100	50006	100
#sit left
501	50007	100
#walk right
502	50000	100	50001	100	50002	100
#sit right
503	50003	100
#Medicine
#pink
600	60000	100
#orange
601	60001	100
#bomb-pink
602	60002	100
#bomb-black
603	60003	100
#======Slide=======
#slide-right
610	60100	50	60101	50	60102	50	60103	50
#slide-left
611	60104	50	60105	50	60106	50	60107	50

#flower
700	70000	100

#bomb
#lăn
701	70100	100	70101	100

#cá đỏ
#walk left
702	70200	100	70201	100	70202	100
#walk right
703	70203	100	70204	100	70205	100

#cá đen
#walk left
704	70300	100	70301	100	70302	100
#walk right
705	70303	100	70304	100	70305	100

#cá vàng
#walk left
706	70400	100	70401	100	70402	100
#walk right
707	70403	100	70404	100	70405	100

#====Banh-xe-lon
#banh-xe-quay-1
800	80000	100	80004	100	80008	100	80012	100
#banh-xe-quay-2
801	80001	100	80005	100	80009	100	80013	100
#banh-xe-quay-3
802	80002	100	80006	100	80010	100	80014	100
#banh-xe-quay-4
803	80003	100	80007	100	80011	100	80015	100
#====Banh-xe-nho
804	80016	100	80017	100	80018	100	80019	100

#===Tia-set
810	80100	100	80101	100	80102	100	80103	100
811	80104	100

#===Thac-do
#Thac-do-1
820	80200	100	80201	100	80202	100	80203	100
#Thac-do-2
821	80204	100	80205	100	80206	100	80207	100
#Thac-do-3
822	80208	100	80209	100	80210	100	80211	100
#Thac-do-4
823	80212	100	80213	100	80214	100	80215	100

#bomb-no
865	80605	200	80606	200	80607	200	80608	200	80609	200

#====Cua-dong-mo
#close
830	80300	100
#open
831	80310	100
#====Chan-thac
#Chan-thac-1
840	80400	100	80401	100	80402	100	80403	100
841	80404	100	80405	100	80406	100	80407	100
842	80408	100	80409	100	80410	100	80411	100
843	80412	100	80413	100	80414	100	80415	100

#=====pink Worm
#walk left
850	80502	100	80503	100
#walk right
851	80500	100	80501	100

#=====more-enemy
#bomb
860	80600	100	80601	100	80602	100	80603	100
861	80600	30	80601	30	80602	30	80603	30	80600	30	80601	30	80602	30	80603	30	80604	100
#gun
#gun-green
862	80610	100
#gun-red
863	80611	100

#=======cai long
#slide-right
870	80700	100	80701	100	80702	100	80703	100
#closing
871	80700	100
#opening
872	80700	100	80704	100	80705	100
#====HUB
873	80710	100
#====BOSS
#Boss-attack
880	80800	100	80801	100	80802	100
#Boss-walk-right
881	80810	100	80811	100	80812	100	80813	100
#Boss-be-attack
882	80820	100	80821	100	80822	100
#Boss-râu
883	80830	100	80831	100	80832	100	80833	100

#
# id	ani1	ani2	ani3
#
[ANIMATION_SETS]
# GimMick
#idle (l,r), walk (l,r), jump (l,r), colision (l,r)
1	101	100	103	102	104	105	106	107

#black enemy
#walk (r,l), jump(r,l), fly(r,l), die
3	300	301	302	303	304	305	306

#brick
4	400
401	401
402	402
403	403
404	404
405	405
406	406
407	407
408	408

#=======PHUC=============
#medicine
#pink medicine
60	600
#orange medicine
61	601
#pink-bomb medicine
62	602
#black-bomb medicine
63	603

#Slide
#slide-right
64	610
#slide-left
65	611

#flower
70	700

#moving-brick
#40	410
411	411

#gimmick ani die
80	108
#star
90	200	201	865

[OBJECTS]
1	16	32	4
1	32	32	4
1	48	32	4
1	64	32	4
1	80	32	4
1	96	32	4
1	112	32	4
1	128	32	4
1	144	32	4
1	160	32	4
1	176	32	4
1	192	32	4
1	208	48	4
1	224	48	4
1	240	32	4
1	256	32	4
1	272	32	4
1	288	64	4
1	304	64	4
1	320	64	4
1	336	64	4
1	352	64	4
1	368	64	4
1	288	48	4
1	368	48	4
1	384	32	4
1	400	16	4
1	416	16	4
1	432	16	4
1	448	16	4
1	464	32	4
1	256	112	4
1	304	112	4
1	352	112	4
1	400	112	4
1	416	80	4
1	510	48	4
1	526	48	4
1	576	32	4
1	592	32	4
1	638	48	4
1	654	48	4
1	704	32	4

1	784	32	4
1	864	64	4
1	880	96	4
1	880	80	4
1	896	96	4
1	896	80	4
1	896	64	4
1	896	48	4
1	912	32	4
1	928	32	4
1	944	32	4
1	960	32	4
1	976	32	4
1	944	80	4
1	960	80	4
1	976	80	4
1	992	80	4
1	944	70	4
1	960	70	4
1	976	70	4
1	992	70	4
1	1010	48	4
1	1010	32	4
1	1010	16	4
1	1008	384	4
1	1008	368	4
1	1008	352	4
1	1008	336	4
1	1008	320	4
1	1008	304	4
1	1008	288	4
1	1008	272	4
1	1008	256	4
1	1008	240	4
1	1008	224	4
1	1008	208	4
1	1008	192	4
1	1008	176	4
1	1008	160	4
1	1008	144	4
1	1008	128	4
1	1008	112	4
1	1008	96	4
1	992	144	4
1	944	208	4
1	960	208	4
1	896	240	4
1	832	240	4
1	768	240	4
1	688	240	4
1	704	240	4
1	608	240	4
1	560	288	4
1	0	384	4
1	0	368	4
1	0	352	4
1	0	336	4
1	0	320	4
1	0	304	4
1	0	288	4
1	0	272	4
1	0	256	4
1	0	240	4
1	0	224	4
1	0	208	4
1	0	192	4
1	0	176	4
1	0	160	4
1	0	144	4
1	0	128	4
1	0	112	4
1	0	96	4
1	0	80	4
1	0	64	4
1	0	48	4
1	16	384	4
1	32	384	4
1	48	384	4
1	64	384	4
1	80	384	4
1	96	384	4
1	112	384	4
1	128	384	4
1	144	384	4
1	160	384	4
1	16	240	4
1	32	240	4
1	112	240	4
1	128	240	4
1	144	240	4
1	160	240	4
1	48	256	4
1	48	272	4
1	64	272	4
1	80	272	4
1	96	272	4
1	96	256	4
1	16	224	4
1	32	224	4
1	48	224	4
1	64	224	4
1	80	224	4
1	96	224	4
1	112	224	4
1	128	224	4
1	144	224	4
1	160	224	4
1	0	32	4

#incline

22	480	33	4	1	2
22	482	34	4	1	2
22	484	35	4	1	2
22	486	36	4	1	2
22	488	37	4	1	2
22	490	38	4	1	2
22	492	39	4	1	2
22	494	40	4	1	2
22	496	41	4	1	2
22	498	42	4	1	2
22	500	43	4	1	2
22	502	44	4	1	2
22	504	45	4	1	2
22	506	46	4	1	2
22	508	47	4	1	2
22	510	48	4	1	2

22	544	48	4	-1	2
22	546	47	4	-1	2
22	548	46	4	-1	2
22	550	45	4	-1	2
22	552	44	4	-1	2
22	554	43	4	-1	2
22	556	42	4	-1	2
22	558	41	4	-1	2
22	560	40	4	-1	2
22	562	39	4	-1	2
22	564	38	4	-1	2
22	566	37	4	-1	2
22	568	36	4	-1	2
22	570	35	4	-1	2
22	572	34	4	-1	2
22	574	33	4	-1	2
#5	576	32	4	-1	2

#5	606	32	4	1	2
22	608	33	4	1	2
22	610	34	4	1	2
22	612	35	4	1	2
22	614	36	4	1	2
22	616	37	4	1	2
22	618	38	4	1	2
22	620	39	4	1	2
22	622	40	4	1	2
22	624	41	4	1	2
22	626	42	4	1	2
22	628	43	4	1	2
22	630	44	4	1	2
22	632	45	4	1	2
22	634	46	4	1	2
22	636	47	4	1	2
22	638	48	4	1	2

22	672	48	4	-1	2
22	674	47	4	-1	2
22	676	46	4	-1	2
22	678	45	4	-1	2
22	680	44	4	-1	2
22	682	43	4	-1	2
22	684	42	4	-1	2
22	686	41	4	-1	2
22	688	40	4	-1	2
22	690	39	4	-1	2
22	692	38	4	-1	2
22	694	37	4	-1	2
22	696	36	4	-1	2
22	698	35	4	-1	2
22	700	34	4	-1	2
22	702	33	4	-1	2
#5	704	32	4	-1	2

#5	798	32	4	1	2
22	800	33	4	1	2
22	802	34	4	1	2
22	804	35	4	1	2
22	806	36	4	1	2
22	808	37	4	1	2
22	810	38	4	1	2
22	812	39	4	1	2
22	814	40	4	1	2
22	816	41	4	1	2
22	818	42	4	1	2
22	820	43	4	1	2
22	822	44	4	1	2
22	824	45	4	1	2
22	826	46	4	1	2
22	828	47	4	1	2
22	830	48	4	1	2
22	832	49	4	1	2
22	834	50	4	1	2
22	836	51	4	1	2
22	838	52	4	1	2
22	840	53	4	1	2
22	842	54	4	1	2
22	844	55	4	1	2
22	846	56	4	1	2
22	848	57	4	1	2
22	850	58	4	1	2
22	852	59	4	1	2
22	854	60	4	1	2
22	856	61	4	1	2
22	858	62	4	1	2
22	860	63	4	1	2
22	862	64	4	1	2


#slide-1
51	272	112	64
51	288	112	64
#slide-2
52	368	112	65
52	384	112	65
#slide-3
52	400	32	65
52	416	32	65
52	432	32	65
52	448	32	65
#slide-4
52	720	32	65
52	736	32	65
52	752	32	65
52	768	32	65




#medicine-orange
#13	417	96	61
#medicine-pink
12	-30	20	60

#flower
16	70	315	70

#Black-enemy
4	416	48	3
4	520	64	3
4	580	48	3
4	594	48	3
4	640	64	3
4	656	64	3

# Moving brick						
# id	x	y	ani	min	max	type
17	192	256	411	192	256	1
17	368	304	411	368	432	1
17	488	256	411	256	304	0
17	312	256	411	256	304	0
#star
21	150	200	90

#Portal
50	992	16	4	1008	0	2	480	384

=======
#gimmick-die
13	417	96	61

# Gimmick
#0	70	200	1
#0	916	64	1
0	95	315	1

# Test flower
#12	70	60	60
#14	95	60	62
#13	120	60	61
#15	145	60	63
#16	170	60	70








