[TEXTURES]
110	textures\waterfall.png	60	188	252
140	textures\blue.png	0	0	255

[SPRITES]
#intro
90015	4	152	164	324	110

90020	176	84	208	124	110
90021	211	84	243	124	110
90022	176	127	208	167	110
90023	211	127	243	176	110

#blue
90050	0	0	500	500	140
[ANIMATIONS]
915	90015	9999999999999999999999999999999999999999999999999999999999999999999999
920	90020	100	90021	100	90022	100	90023	100
950	90050	100


[ANIMATION_SETS]
915	915
#waterfall
920	920
950	950


[OBJECTS]
# type	x	y	ani_set_id	extra_settings per object type
0	0	300	950
0	50	145	915
1	162	72	920