# id	file_path	transparent_color_r	g	b
[TEXTURES]
500	map\map1a_bank.png	255	255	255
0	textures\gimmick.png	0	0	255
10	textures\gimmick2.png	0	0	255
20	textures\enemy.png	57	189	255
30	textures\enemy2.png	57	189	255
40	textures\item.png	215	121	214

#ID	TRTileSet	TCTileSet	TRMap	TCMap	TotalTiles	Matrix_Path
[MAP]
500	7	11	24	64	69	map\map1a_map.txt

# id	left	top	right	bottom	texture_id
[SPRITES]
#==== gimmick=====
# idle right
10000	2	2	18	21	0
10001	22	2	38	21	0

#walk right
10002	2	24	18	43	0
10003	21	24	37	43	0
10004	39	24	55	43	0
10005	58	24	74	43	0
10006	79	24	95	43	0
10007	99	24	115	43	0

#Jump right
10008	2	46	18	70	0
10009	22	50	36	66	0

#colision right
10010	2	81	18	97	0
10011	24	78	40	94	0
10012	45	81	61	97	0
10013	65	76	87	97	0
10014	96	73	115	97	0
10015	123	78	140	97	0
10016	171	77	190	97	0

#idle left
10017	399	2	415	21	10
10018	379	2	395	21	10

#walk left
10019	399	24	415	43	10
10020	380	24	396	43	10
10021	362	24	378	43	10
10022	322	24	338	43	10
10023	302	24	318	43	10

#Jump left
10024	399	46	415	70	10
10025	381	50	395	66	10

#colision left
10026	399	81	415	97	10
10027	377	78	393	97	10
10028	356	81	372	97	10
10029	330	76	22	21	10
10030	277	78	294	97	10
10031	250	73	268	97	10
10032	210	75	217	97	10

#=====star====
#small star
20000	8	141	16	149	0
20001	20	141	28	149	0

#big star
20002	33	138	53	159	0
20003	55	138	75	159	0
20004	124	137	144	159	0

#bubble start
20005	340	142	356	157	0

#=======black eneny

#==normal
#walk right
30000	2	1	18	17	20
30001	20	2	36	17	20
30002	38	1	54	17	20
#walk left
30003	678	1	694	17	30
30004	660	2	676	17	30
30005	642	1	658	17	30

#fly right
30006	2	19	18	36	20
30007	20	19	36	36	20
30008	38	19	54	36	20
30009	56	19	72	36	20
30010	74	19	90	36	20

#fly left
30011	678	19	694	36	30
30012	660	19	676	36	30
30013	642	19	658	36	30
30014	624	19	640	36	30
30015	606	19	622	36	30


#brick
40000	120	52	136	68	40
40001	137	1	153	17	40
40002	35	86	51	102	40
40003	154	18	170	34	40
40004	120	1	136	17	40
40005	154	1	170	17	40
40006	154	52	170	68	40
40007	120	18	136	34	40
40008	137	18	153	34	40

# ani_id	sprite1_id	time1	sprite2_id	time2	...
[ANIMATIONS]
#Gimmick
#idle right
100	10000	2500	10001	200	10000	200	10001	200
#idle left
101	10017	2500	10018	200	10017	200	10018	200
#walk right
102	10002	100	10003	100	10004	100	10005	100	10006	100	10007	100
#walk left
103	10019	100	10020	100	10021	100	10022	100	10023	100
#jump right
104	10008	500
#Jump left
105	10024	100
#colision right
106	10010	100	10011	100	10012	100	10013	100	10014	100	10015	100	10016	100
#colision left
107	10026	100	10027	100	10028	100	10029	100	10030	100	10031	100	10032	100

#======back-enemy
#walk right
300	30000	100	30001	100	30002	100
#walk left
301	30003	100	30004	100	30005	100
#fly 	right
302	30006	100	30007	100	30008	100	30009	100	30010	100
#fly left
303	30011	100	30012	100	30013	100	30014	100	30015	100
#====black-eneny-electric

#brick
400	40000	100
401	40001	100
402	40002	100
403	40003	100
404	40004	100
405	40005	100
406	40006	100
407	40007	100
408	40008	100

#
# id	ani1	ani2	ani3
#
[ANIMATION_SETS]
# GimMick
#idle (l,r), walk (l,r), jump (l,r), colision (l,r)
1	101	100	103	102	104	105	106	107

#black enemy
3	300	301	302	303

#brick
4	400
401	401
402	402
403	403
404	404
405	405
406	406
407	407
408	408


[OBJECTS]
1	16	32	4
1	32	32	4
1	48	32	4
1	64	32	4
1	80	32	4
1	96	32	4
1	112	32	4
1	128	32	4
1	144	32	4
1	160	32	4
1	176	32	4
1	192	32	4
1	208	48	4
1	224	48	4
1	240	32	4
1	256	32	4
1	272	32	4
1	288	64	4
1	304	64	4
1	320	64	4
1	336	64	4
1	352	64	4
1	368	64	4
1	288	48	4
1	368	48	4
1	384	32	4
1	400	16	4
1	416	16	4
1	432	16	4
1	448	16	4
1	464	32	4
1	256	112	4
1	304	112	4
1	352	112	4
1	400	112	4
1	416	80	4
1	510	48	4
1	526	48	4
1	576	32	4
1	592	32	4
1	638	48	4
1	654	48	4
1	704	32	4
1	720	32	4
1	736	32	4
1	752	32	4
1	768	32	4
1	784	32	4
1	864	64	4
1	880	96	4
1	880	80	4
1	896	96	4
1	896	80	4
1	896	64	4
1	896	48	4
1	912	32	4
1	928	32	4
1	944	32	4
1	960	32	4
1	976	32	4
1	944	80	4
1	960	80	4
1	976	80	4
1	992	80	4
1	944	70	4
1	960	70	4
1	976	70	4
1	992	70	4
1	1010	48	4
1	1010	32	4
1	1010	16	4
1	1008	384	4
1	1008	368	4
1	1008	352	4
1	1008	336	4
1	1008	320	4
1	1008	304	4
1	1008	288	4
1	1008	272	4
1	1008	256	4
1	1008	240	4
1	1008	224	4
1	1008	208	4
1	1008	192	4
1	1008	176	4
1	1008	160	4
1	1008	144	4
1	1008	128	4
1	1008	112	4
1	1008	96	4
1	992	144	4
1	944	208	4
1	960	208	4
1	896	240	4
1	832	240	4
1	768	240	4
1	688	240	4
1	704	240	4
1	608	240	4
1	560	288	4
1	0	384	4
1	0	368	4
1	0	352	4
1	0	336	4
1	0	320	4
1	0	304	4
1	0	288	4
1	0	272	4
1	0	256	4
1	0	240	4
1	0	224	4
1	0	208	4
1	0	192	4
1	0	176	4
1	0	160	4
1	0	144	4
1	0	128	4
1	0	112	4
1	0	96	4
1	0	80	4
1	0	64	4
1	0	48	4
1	16	384	4
1	32	384	4
1	48	384	4
1	64	384	4
1	80	384	4
1	96	384	4
1	112	384	4
1	128	384	4
1	144	384	4
1	160	384	4
1	16	240	4
1	32	240	4
1	112	240	4
1	128	240	4
1	144	240	4
1	160	240	4
1	48	256	4
1	48	272	4
1	64	272	4
1	80	272	4
1	96	272	4
1	96	256	4
1	16	224	4
1	32	224	4
1	48	224	4
1	64	224	4
1	80	224	4
1	96	224	4
1	112	224	4
1	128	224	4
1	144	224	4
1	160	224	4
1	0	32	4






















# Gimmick
0	70	200	1
