[TEXTURES]
90	textures\intro.png	255	25	255
100	textures\introbig.png	255	255	255

[SPRITES]
#intro
90000	0	0	128	77	90
90001	0	82	128	157	90
90002	0	163	128	238	90
90003	0	242	128	317	90
90004	0	323	128	398	90
90005	0	403	128	478	90
90012	0	483	128	558	90
90006	0	563	128	638	90
90007	0	642	128	717	90
90008	0	723	128	798	90
90009	0	803	128	878	90
90010	0	882	128	957	90
90011	0	962	128	1037	90
90013	0	1043	128	1118	90

90014	0	0	256	224	100

[ANIMATIONS]
901	90014	9999999999999999999999999999999999999999999999999999999999999999999999

[ANIMATION_SETS]
901	901

[OBJECTS]
# type	x	y	ani_set_id	extra_settings per object type

0	0	175	901