# id	file_path	transparent_color_r	g	b
[TEXTURES]
500	map\map1c_bank.png	255	255	255
0	textures\gimmick.png	0	0	255
10	textures\gimmick2.png	0	0	255
20	textures\enemy.png	57	189	255
30	textures\enemy2.png	57	189	255
40	textures\item.png	215	121	214

#ID	TRTileSet	TCTileSet	TRMap	TCMap	TotalTiles	Matrix_Path
[MAP]
500	5	11	12	64	51	map\map1c_map.txt

# id	left	top	right	bottom	texture_id
[SPRITES]
#==== gimmick=====
# idle right
10000	2	2	18	21	0
10001	22	2	38	21	0

#walk right
10002	2	24	18	43	0
10003	21	24	37	43	0
10004	39	24	55	43	0
10005	58	24	74	43	0
10006	79	24	95	43	0
10007	99	24	115	43	0

#Jump right
10008	2	46	18	70	0
10009	22	50	36	66	0

#colision right
10010	2	81	18	97	0
10011	24	78	40	94	0
10012	45	81	61	97	0
10013	65	76	87	97	0
10014	96	73	115	97	0
10015	123	78	140	97	0
10016	171	77	190	97	0

#idle left
10017	399	2	415	21	10
10018	379	2	395	21	10

#walk left
10019	399	24	415	43	10
10020	380	24	396	43	10
10021	362	24	378	43	10
10022	322	24	338	43	10
10023	302	24	318	43	10

#Jump left
10024	399	46	415	70	10
10025	381	50	395	66	10

#colision left
10026	399	81	415	97	10
10027	377	78	393	97	10
10028	356	81	372	97	10
10029	330	76	22	21	10
10030	277	78	294	97	10
10031	250	73	268	97	10
10032	210	75	217	97	10

#=====star====
#small star
20000	8	141	16	149	0
20001	20	141	28	149	0

#big star
20002	33	138	53	159	0
20003	55	138	75	159	0
20004	124	137	144	159	0

#bubble start
20005	340	142	356	157	0

#=======black eneny

#==normal
#walk right
30000	2	1	18	17	20
30001	20	2	36	17	20
30002	38	1	54	17	20
#walk left
30003	678	1	694	17	30
30004	660	2	676	17	30
30005	642	1	658	17	30

#fly right
30006	2	19	18	36	20
30007	20	19	36	36	20
30008	38	19	54	36	20
30009	56	19	72	36	20
30010	74	19	90	36	20

#fly left
30011	678	19	694	36	30
30012	660	19	676	36	30
30013	642	19	658	36	30
30014	624	19	640	36	30
30015	606	19	622	36	30


#brick
40000	120	52	136	68	40
40001	137	1	153	17	40
40002	35	86	51	102	40
40003	154	18	170	34	40
40004	120	1	136	17	40
40005	154	1	170	17	40
40006	154	52	170	68	40
40007	120	18	136	34	40
40008	137	18	153	34	40

# ani_id	sprite1_id	time1	sprite2_id	time2	...
[ANIMATIONS]
#Gimmick
#idle right
100	10000	2500	10001	200	10000	200	10001	200
#idle left
101	10017	2500	10018	200	10017	200	10018	200
#walk right
102	10002	100	10003	100	10004	100	10005	100	10006	100	10007	100
#walk left
103	10019	100	10020	100	10021	100	10022	100	10023	100
#jump right
104	10008	500
#Jump left
105	10024	100
#colision right
106	10010	100	10011	100	10012	100	10013	100	10014	100	10015	100	10016	100
#colision left
107	10026	100	10027	100	10028	100	10029	100	10030	100	10031	100	10032	100

#======back-enemy
#walk right
300	30000	100	30001	100	30002	100
#walk left
301	30003	100	30004	100	30005	100
#fly 	right
302	30006	100	30007	100	30008	100	30009	100	30010	100
#fly left
303	30011	100	30012	100	30013	100	30014	100	30015	100

#brick
400	40000	100
401	40001	100
402	40002	100
403	40003	100
404	40004	100
405	40005	100
406	40006	100
407	40007	100
408	40008	100

#
# id	ani1	ani2	ani3
#
[ANIMATION_SETS]
# GimMick
#idle (l,r), walk (l,r), jump (l,r), colision (l,r)
1	101	100	103	102	104	105	106	107

#black enemy
3	300	301	302	303

#brick
4	400
401	401
402	402
403	403
404	404
405	405
406	406
407	407
408	408


[OBJECTS]
#block
1	0	16	4
1	0	32	4
1	0	48	4
1	0	64	4
1	0	80	4
1	0	96	4
1	0	112	4
1	0	128	4
1	0	144	4
1	0	160	4
1	0	176	4

1	16	0	4
1	32	0	4
1	48	0	4
1	64	0	4
1	80	0	4
1	96	0	4
1	112	0	4
1	128	0	4
1	144	0	4
1	160	0	4
1	176	0	4
1	192	0	4
1	208	0	4
1	224	0	4
1	240	0	4
1	256	0	4

1	240	16	4
1	240	32	4
1	240	48	4
1	240	64	4
1	240	80	4
1	240	96	4
1	240	112	4

1	256	16	4
1	256	32	4
1	256	48	4
1	256	64	4
1	256	80	4
1	256	96	4
1	256	112	4


1	48	128	4
1	64	128	4
1	80	128	4
1	96	128	4

1	48	144	4
1	48	160	4
1	48	176	4

1	96	144	4
1	96	160	4
1	96	176	4

1	144	160	4
1	160	160	4
1	176	160	4
1	192	160	4
1	208	160	4
1	224	160	4
1	240	160	4
1	256	160	4
1	272	160	4

1	144	176	4
1	160	176	4
1	176	176	4
1	192	176	4
1	208	176	4
1	224	176	4
1	240	176	4
1	256	176	4
1	272	176	4

1	320	160	4
1	336	160	4
1	320	176	4
1	336	176	4

1	384	160	4
1	400	160	4
1	384	176	4
1	400	176	4

1	448	144	4
1	496	144	4
1	544	144	4
1	592	144	4

1	640	160	4
1	656	160	4
1	672	160	4
1	688	160	4
1	704	160	4
1	720	160	4
1	736	160	4
1	752	160	4
1	768	160	4
1	784	160	4
1	800	160	4
1	816	160	4
1	832	160	4
1	848	160	4
1	864	160	4
1	880	160	4
1	896	160	4
1	912	160	4
1	928	160	4
1	944	160	4
1	960	160	4
1	976	160	4
1	640	176	4

1	944	128	4
1	960	128	4
1	976	128	4

1	976	64	4
1	976	80	4
1	976	96	4
1	976	112	4

1	992	64	4
1	992	80	4
1	992	96	4
1	992	112	4

1	1008	0	4
1	1008	16	4
1	1008	32	4
1	1008	48	4
1	1008	64	4
1	1008	80	4





















# Gimmick
0	944	0	1



